function x=aufgabe1()
  A = [(-1/2)^3  (-1/2)^2  (-1/2)  1;
       0          0         0      1;
       1          1         1      1;
       2^3        2^2       2      1];
  B = [3/4; 1; 0; -3];

  x = A\B;
end
